Layer 0
1
-1 -1
15
8.25319e-005 0.0216062 0.00300406 0.162239
0.00109149 0.560834 0.100933 0.156292
-0.209355 0.98539 0.183937 0.141039
-0.338235 1.32914 0.227555 0.130724
-0.415994 1.60805 0.209431 0.12251
-0.347934 2.09262 0.202818 0.117835
-0.363422 2.28854 0.188889 0.110099
-0.217494 2.52678 0.170686 0.106598
-0.162109 2.8588 0.129797 0.101563
-0.164676 3.19172 0.127219 0.0915881
-0.0995494 3.38007 0.179787 0.0822892
-0.149628 3.63394 0.128723 0.0749586
-0.163871 4.20511 0.125953 0.0480634
-0.185028 4.51808 0.0379445 0.0341353
-0.214574 4.83087 0.122602 0.0178422
Layer 1
9
0 14
9
-0.214574 4.83087 0.122602 0.01632
-0.368922 4.97356 0.135819 0.00996334
-0.513686 5.09785 0.151779 0.00760835
-0.612886 5.16673 0.18092 0.00662518
-0.718928 5.20565 0.193318 0.00568651
-0.818941 5.2539 0.231028 0.00463881
-0.823725 5.25651 0.232521 0.00467125
-0.956139 5.33474 0.266665 0.00348245
-0.961435 5.33736 0.268401 0.00354264
0 12
13
-0.163871 4.20511 0.125953 0.0454429
-0.0970345 4.29468 0.0149605 0.0367352
-0.039065 4.41163 -0.0892639 0.0285644
0.0282471 4.51486 -0.18448 0.0252176
0.0633359 4.5912 -0.304617 0.0226331
0.131806 4.67172 -0.399051 0.0205829
0.158491 4.7372 -0.514424 0.0185912
0.217465 4.86186 -0.650678 0.0165108
0.259704 4.96849 -0.810635 0.0132225
0.324087 5.03381 -0.890186 0.0116186
0.374753 5.008 -0.988638 0.0103174
0.424087 5.06234 -1.08612 0.00974373
0.514109 5.07151 -1.22796 0.00736704
0 11
13
-0.149628 3.63394 0.128723 0.0577114
-0.122343 3.74394 0.28248 0.0577114
-0.0729937 3.82657 0.428948 0.0451272
-0.03094 3.9459 0.547988 0.0397428
0.0636343 4.04603 0.726753 0.0340932
0.140656 4.17129 0.908249 0.0300533
0.214772 4.2319 1.00306 0.0275285
0.283637 4.30868 1.1038 0.0253193
0.325278 4.38475 1.21237 0.0230366
0.390319 4.41844 1.39258 0.0197082
0.436476 4.46493 1.57806 0.0162852
0.544616 4.43331 1.71864 0.0144491
0.617643 4.38522 1.88918 0.00750564
0 9
15
-0.164676 3.19172 0.127219 0.071859
-0.280704 3.35351 0.0998964 0.071859
-0.391504 3.49312 0.056442 0.0553338
-0.494033 3.64837 0.0228673 0.0489879
-0.659827 3.80465 -0.0109854 0.0427008
-0.856266 3.95922 -0.00609062 0.0376913
-0.941111 4.054 -0.032041 0.0349324
-1.03764 4.16179 -0.0295587 0.0326608
-1.14218 4.26296 -0.0108935 0.0292853
-1.28558 4.37797 -0.0837988 0.0259017
-1.45784 4.47096 -0.104502 0.0220956
-1.62029 4.53543 -0.145537 0.0187603
-1.79364 4.50898 -0.135535 0.0176863
-1.95468 4.5493 -0.108753 0.0101022
-1.96602 4.5501 -0.112035 0.0100269
0 8
17
-0.162109 2.8588 0.129797 0.0868786
-0.125839 2.9405 0.0860299 0.0868786
-0.0878878 3.0133 0.0421856 0.0790301
-0.0283238 3.1735 -0.0408145 0.0608015
0.0576279 3.31347 -0.120373 0.0542424
0.0756021 3.42805 -0.223204 0.0490036
0.159165 3.54475 -0.306127 0.0454498
0.190311 3.66184 -0.404025 0.0420481
0.254416 3.84986 -0.507041 0.0385936
0.27319 4.00971 -0.638164 0.034427
0.341132 4.11201 -0.688626 0.0315437
0.405994 4.19646 -0.76098 0.0295961
0.464769 4.2463 -0.858682 0.0270289
0.530973 4.36166 -1.01184 0.023476
0.615488 4.38286 -1.17451 0.0199203
0.652102 4.47546 -1.31003 0.0185696
0.762339 4.46198 -1.44474 0.0143952
0 7
15
-0.217494 2.52678 0.170686 0.0718701
-0.0653894 2.7076 0.267881 0.0718701
0.0985998 2.89931 0.359041 0.057885
0.206127 3.00039 0.425699 0.0527216
0.324738 3.08082 0.454866 0.0488277
0.435029 3.19646 0.510185 0.0452221
0.596122 3.33265 0.557002 0.0412959
0.734349 3.49416 0.596522 0.0371348
0.860365 3.57906 0.694713 0.033821
0.996576 3.68884 0.755236 0.029345
1.16578 3.72565 0.841771 0.0263988
1.34985 3.74823 0.887452 0.0225818
1.48503 3.76795 0.99213 0.0211483
1.64313 3.74455 0.999508 0.0187105
1.79896 3.73124 1.06792 0.010342
0 5
19
-0.347934 2.09262 0.202818 0.0993152
-0.419069 2.23418 0.295692 0.0955641
-0.484201 2.41326 0.350547 0.0713949
-0.546559 2.57044 0.429207 0.0624349
-0.603433 2.697 0.51194 0.0583587
-0.642508 2.80733 0.61714 0.0526332
-0.728026 2.93964 0.692813 0.0497169
-0.783814 3.1001 0.802485 0.0458787
-0.802544 3.30159 0.907908 0.0420997
-0.904899 3.44386 0.985828 0.0389363
-0.982983 3.60009 1.10575 0.0344298
-1.08204 3.68918 1.21331 0.0320124
-1.13187 3.75583 1.35876 0.0285179
-1.23569 3.85828 1.49627 0.024875
-1.31367 3.90393 1.67106 0.0216846
-1.40812 3.91178 1.7876 0.0213996
-1.50593 3.87564 1.89248 0.0181728
-1.59107 3.77487 1.97248 0.00408883
-1.59267 3.77215 1.97709 0.00364418
0 4
15
-0.415994 1.60805 0.209431 0.0856741
-0.538119 1.8257 -0.000600936 0.0856741
-0.616916 2.00898 -0.22123 0.068609
-0.694637 2.09094 -0.331787 0.0634408
-0.743777 2.20342 -0.470594 0.0579356
-0.826206 2.27507 -0.584995 0.0540356
-0.924674 2.45081 -0.720589 0.049261
-1.03451 2.56675 -0.868952 0.0456107
-1.12358 2.69103 -1.01824 0.0410776
-1.16239 2.73817 -1.20597 0.0375853
-1.29366 2.72888 -1.33278 0.033352
-1.36923 2.77628 -1.5008 0.0298602
-1.42124 2.77019 -1.67766 0.0268329
-1.56706 2.7622 -1.80084 0.0236146
-1.68031 2.61909 -2.07249 0.0161167
0 2
18
-0.209355 0.98539 0.183937 0.126552
-0.070219 1.13249 0.236587 0.119696
-0.0282018 1.2442 0.27787 0.105839
0.0354584 1.3293 0.300475 0.0902336
0.158062 1.48783 0.383858 0.0795934
0.328298 1.69085 0.38319 0.0700461
0.511039 1.89375 0.435374 0.0624221
0.595675 2.02179 0.435963 0.0584033
0.688626 2.16163 0.450466 0.0554252
0.783657 2.27026 0.484754 0.052253
0.952533 2.43521 0.526583 0.0471488
1.10914 2.56034 0.627202 0.0443739
1.31183 2.62089 0.61983 0.037038
1.47739 2.69674 0.682588 0.0334054
1.6368 2.71811 0.76733 0.0309718
1.81128 2.77604 0.760547 0.0273356
1.97609 2.78391 0.861 0.0278577
2.1202 2.6697 0.864353 0.0117514