Layer 0
1
-1 -1
21
-0.00344218 0.00198667 -6.75494e-005 0.131193
-0.000624384 0.163144 -0.00485132 0.129104
-0.00593363 0.381206 0.000135466 0.119606
0.00897194 0.791625 0.0224434 0.10418
-0.0129311 1.41119 -0.0114343 0.0910449
-0.0728201 1.89495 -0.0398238 0.085016
-0.124308 2.25382 -0.0144822 0.0783255
-0.186223 2.58072 -0.00668754 0.0725693
-0.242802 2.8372 0.0127451 0.0605922
-0.240502 3.08065 0.0241864 0.0513614
-0.231669 3.33578 0.00693681 0.0430231
-0.234898 3.54992 0.026066 0.0370101
-0.219574 3.72564 0.0249563 0.0346449
-0.226089 3.86694 0.032779 0.0320742
-0.23118 4.02534 0.0674456 0.0302894
-0.2269 4.16711 0.0914806 0.0277779
-0.242414 4.31126 0.0996328 0.0255566
-0.24753 4.42726 0.111695 0.0241267
-0.26326 4.5352 0.104572 0.0225301
-0.28059 4.65283 0.102998 0.0196124
-0.294897 4.78615 0.102337 0.0125391
Layer 1
20
0 20
75
-0.294897 4.78615 0.102337 0.00517608
-0.29149 4.79115 0.101483 0.00517608
-0.291722 4.79965 0.10924 0.00557786
-0.291121 4.80968 0.113016 0.00492141
-0.28558 4.81804 0.117385 0.00460241
-0.284755 4.82988 0.120244 0.00487113
-0.285887 4.84054 0.122727 0.00422797
-0.284332 4.85119 0.128595 0.00387557
-0.28238 4.85961 0.134347 0.00427804
-0.278767 4.86782 0.138438 0.00393001
-0.275687 4.87666 0.141771 0.00349604
-0.277712 4.88518 0.145142 0.0038816
-0.278914 4.89317 0.148818 0.00280272
-0.276605 4.90034 0.155586 0.00364623
-0.27325 4.90702 0.162046 0.00299161
-0.271335 4.91567 0.164742 0.0031943
-0.270412 4.92541 0.167233 0.00291197
-0.27128 4.93493 0.170502 0.00316223
-0.270324 4.94369 0.1752 0.00312549
-0.264695 4.95086 0.181289 0.00269395
-0.2612 4.96082 0.184684 0.00298803
-0.260274 4.97188 0.184373 0.00282473
-0.259472 4.98095 0.188873 0.0028102
-0.25825 4.98925 0.195902 0.00260638
-0.255154 4.99662 0.201598 0.00271276
-0.252017 5.00495 0.206809 0.00298309
-0.251242 5.01467 0.209326 0.00263678
-0.252421 5.02431 0.210519 0.002592
-0.253096 5.03332 0.213947 0.00268305
-0.251251 5.0413 0.220384 0.00261325
-0.249129 5.04826 0.2268 0.00273882
-0.242774 5.05703 0.232032 0.00245828
-0.242255 5.06837 0.235516 0.00243162
-0.245405 5.08126 0.240099 0.00214373
-0.243008 5.08511 0.249693 0.00250956
-0.238884 5.09391 0.257433 0.00233654
-0.235856 5.10534 0.258716 0.00224108
-0.237384 5.1159 0.262473 0.00249399
-0.237881 5.12539 0.267316 0.00215794
-0.232795 5.13205 0.275505 0.00248089
-0.227293 5.13778 0.282722 0.00211377
-0.225503 5.14881 0.286221 0.00216749
-0.225329 5.15984 0.288582 0.00227392
-0.228074 5.16804 0.294237 0.00207598
-0.226644 5.17533 0.30126 0.00205131
-0.218826 5.1796 0.307025 0.00215293
-0.214945 5.18784 0.309172 0.0020753
-0.216579 5.19813 0.308648 0.00216885
-0.216381 5.2065 0.3146 0.00193814
-0.214514 5.21138 0.323892 0.0020587
-0.206763 5.2193 0.331095 0.00202312
-0.203328 5.23099 0.336737 0.00203638
-0.206662 5.24387 0.339328 0.00169975
-0.205422 5.25337 0.346934 0.00210052
-0.199622 5.25991 0.356796 0.00187974
-0.193429 5.26772 0.361066 0.00190355
-0.18889 5.27639 0.364842 0.00172469
-0.193698 5.28562 0.369237 0.00171127
-0.198539 5.29374 0.373696 0.00159517
-0.194678 5.30091 0.381255 0.00161167
-0.18852 5.30777 0.388133 0.00185496
-0.183098 5.31593 0.39069 0.00182921
-0.179291 5.32564 0.394378 0.00163008
-0.184307 5.33161 0.401466 0.00176623
-0.188918 5.33721 0.408825 0.00159366
-0.183845 5.34443 0.415795 0.00163127
-0.17695 5.35096 0.420293 0.0013361
-0.172037 5.36358 0.421188 0.00139193
-0.171457 5.37469 0.427812 0.00115962
-0.175199 5.37944 0.439314 0.00113665
-0.17131 5.38824 0.447315 0.00102891
-0.163229 5.39818 0.449504 0.00085214
-0.162521 5.41118 0.449509 0.000776117
-0.163124 5.42152 0.456917 0.000635757
-0.163557 5.42413 0.469813 0.000500076
0 19
58
-0.28059 4.65283 0.102998 0.00867108
-0.292805 4.67398 0.101808 0.00764354
-0.302344 4.69077 0.0996366 0.00766562
-0.316544 4.70504 0.090807 0.0075653
-0.3302 4.72023 0.087061 0.00805075
-0.344417 4.73579 0.0879153 0.00704097
-0.35616 4.75265 0.0850508 0.00598513
-0.366074 4.7686 0.0793733 0.00633228
-0.379365 4.7831 0.0753323 0.00523147
-0.391666 4.79585 0.0705973 0.0050911
-0.404418 4.81063 0.0696133 0.00550057
-0.417558 4.82519 0.0711768 0.00472543
-0.429122 4.83986 0.0701815 0.00519062
-0.440764 4.85401 0.0662903 0.0047289
-0.452356 4.86738 0.0608432 0.00480086
-0.465986 4.87953 0.0563337 0.00452504
-0.478231 4.89176 0.054601 0.004373
-0.488081 4.90858 0.0572577 0.00444929
-0.497586 4.92378 0.0548304 0.00399602
-0.506583 4.93722 0.0448828 0.00444583
-0.519306 4.94893 0.0438483 0.0049833
-0.53349 4.96081 0.0447731 0.00409107
-0.545569 4.97619 0.0446827 0.00472356
-0.558269 4.99179 0.0425536 0.00395984
-0.570777 5.00312 0.033128 0.00424426
-0.584681 5.01469 0.0239807 0.00349588
-0.59932 5.02702 0.0224207 0.00389744
-0.61429 5.04039 0.0224004 0.00389437
-0.625896 5.05679 0.0219358 0.00385086
-0.640936 5.06715 0.0150992 0.00362732
-0.656273 5.07284 0.00630079 0.00390829
-0.673496 5.08193 0.0127021 0.00348132
-0.688921 5.09499 0.0134761 0.00320592
-0.701333 5.10757 0.00464965 0.00357044
-0.719751 5.11709 -0.00373454 0.00332325
-0.736708 5.12781 -0.00624532 0.003231
-0.752412 5.14426 7.51765e-005 0.00315311
-0.768471 5.15825 -0.00408649 0.00321536
-0.783565 5.16888 -0.0141668 0.00343645
-0.803524 5.1734 -0.0206083 0.00322858
-0.82198 5.18316 -0.0234496 0.00327634
-0.835244 5.20149 -0.0211657 0.00312246
-0.851898 5.21309 -0.0271567 0.00287301
-0.869762 5.21912 -0.0375562 0.00300964
-0.888048 5.22408 -0.0397437 0.00279091
-0.906605 5.22934 -0.0408417 0.00275717
-0.923396 5.23909 -0.0436201 0.00285601
-0.937598 5.25259 -0.0474843 0.00261629
-0.951112 5.26567 -0.0528877 0.00280039
-0.965225 5.27485 -0.0640137 0.00225137
-0.982975 5.28357 -0.0683196 0.00227868
-1.00126 5.29075 -0.0597698 0.00217094
-1.01623 5.30434 -0.0618762 0.00189812
-1.02685 5.3186 -0.0723135 0.00190097
-1.04308 5.32387 -0.083431 0.00147223
-1.06111 5.33272 -0.0856853 0.00124017
-1.07385 5.34427 -0.0755187 0.000972942
-1.088 5.35839 -0.079421 0.000699697
0 18
47
-0.26326 4.5352 0.104572 0.00925628
-0.248936 4.55907 0.090975 0.00995949
-0.235647 4.58637 0.0805989 0.0100867
-0.225679 4.61631 0.0700085 0.00853089
-0.214742 4.64386 0.06066 0.00734049
-0.195478 4.66879 0.0510707 0.00626434
-0.181641 4.69613 0.0386353 0.00611783
-0.169695 4.72394 0.0252744 0.00608511
-0.159859 4.74838 0.0152223 0.00587833
-0.149429 4.77247 0.00430521 0.0055587
-0.133422 4.79517 -0.00679459 0.00573136
-0.116659 4.81445 -0.01804 0.00542665
-0.101279 4.83586 -0.0306377 0.00565487
-0.0904556 4.85892 -0.04366 0.00563811
-0.080321 4.88274 -0.056983 0.00532991
-0.0688713 4.90934 -0.0666615 0.00573665
-0.0556102 4.9361 -0.0780634 0.00509399
-0.0379353 4.95496 -0.0929263 0.00519848
-0.0213958 4.97357 -0.10938 0.00444366
-0.00932194 4.9986 -0.123982 0.00494047
0.0018424 5.02534 -0.137326 0.0043883
0.0199428 5.05221 -0.144745 0.00464128
0.0425793 5.07002 -0.167583 0.00423688
0.0571587 5.09458 -0.188396 0.00451277
0.0689133 5.12519 -0.202414 0.00386258
0.0953262 5.14307 -0.216845 0.00386077
0.110914 5.156 -0.232782 0.00426819
0.125885 5.16862 -0.250528 0.00388112
0.140997 5.18241 -0.267715 0.00385506
0.15582 5.19903 -0.281368 0.00379035
0.171335 5.21658 -0.293612 0.00422461
0.187228 5.23309 -0.305756 0.00376201
0.217374 5.25324 -0.320313 0.00396464
0.233162 5.27193 -0.349739 0.00346589
0.247323 5.29274 -0.378209 0.00340997
0.275582 5.31909 -0.392556 0.00299159
0.300517 5.32791 -0.40454 0.00349335
0.319239 5.34032 -0.422932 0.00313829
0.325526 5.35979 -0.446947 0.00289375
0.343177 5.3767 -0.460681 0.00281908
0.369092 5.39198 -0.470426 0.00266659
0.393053 5.40288 -0.490125 0.00282693
0.415613 5.41656 -0.512698 0.00221897
0.4304 5.44006 -0.531324 0.00192492
0.44553 5.46727 -0.547776 0.00151067
0.46825 5.49292 -0.552749 0.000938502
0.486152 5.50628 -0.579474 0.000628842
0 17
43
-0.24753 4.42726 0.111695 0.0103291
-0.259159 4.46226 0.135038 0.0109848
-0.267031 4.49379 0.16248 0.0104192
-0.271455 4.5249 0.192126 0.0091731
-0.273708 4.55482 0.22274 0.00857263
-0.277967 4.58479 0.251194 0.0071114
-0.283888 4.6188 0.279969 0.00633989
-0.291006 4.65113 0.307806 0.0058894
-0.300468 4.67968 0.338631 0.00567639
-0.303227 4.7079 0.371843 0.00597059
-0.300001 4.73454 0.403922 0.00574712
-0.308309 4.7699 0.432272 0.00597049
-0.315475 4.79889 0.464253 0.00576505
-0.319715 4.82097 0.500862 0.00550115
-0.318575 4.8457 0.53199 0.00501438
-0.318677 4.86937 0.561014 0.00512673
-0.32968 4.8969 0.587478 0.00536473
-0.340253 4.92221 0.61441 0.00531106
-0.343147 4.94249 0.649219 0.00505998
-0.344531 4.96036 0.684297 0.00467289
-0.344357 4.98258 0.718982 0.00465526
-0.352566 5.00566 0.757397 0.00458977
-0.372843 5.02225 0.789175 0.00454903
-0.381863 5.03738 0.830307 0.00448464
-0.382301 5.05066 0.871516 0.00476536
-0.38068 5.06951 0.907612 0.00405771
-0.387876 5.0833 0.945203 0.00431299
-0.405583 5.08545 0.980488 0.00377433
-0.409917 5.09263 1.02012 0.0041706
-0.40591 5.10332 1.05907 0.00412965
-0.411365 5.12386 1.10056 0.00389049
-0.418189 5.14293 1.14217 0.00349241
-0.426873 5.14975 1.18715 0.00333485
-0.434327 5.15432 1.23199 0.00334742
-0.430657 5.1597 1.27517 0.0028418
-0.448824 5.18106 1.31432 0.00287647
-0.468269 5.19932 1.35123 0.00238689
-0.470885 5.20061 1.39641 0.00192138
-0.466173 5.21536 1.43379 0.0016301
-0.46332 5.23335 1.4708 0.00115739
-0.463433 5.23407 1.47234 0.00119567
-0.474272 5.25017 1.50745 0.000664278
-0.474761 5.25085 1.50892 0.000678819
0 16
40
-0.242414 4.31126 0.0996328 0.0111729
-0.271672 4.34999 0.0756718 0.0122378
-0.301768 4.38985 0.0520888 0.0112567
-0.32885 4.42937 0.0253389 0.00998493
-0.354294 4.4671 -0.0015926 0.00897462
-0.382758 4.50525 -0.0287202 0.00800165
-0.415753 4.54431 -0.0543649 0.00797875
-0.448805 4.58134 -0.0781484 0.00705564
-0.479861 4.61779 -0.0988284 0.00658519
-0.512506 4.65263 -0.128531 0.00573739
-0.541426 4.68036 -0.162223 0.00589667
-0.585005 4.7095 -0.184562 0.00580235
-0.621685 4.74022 -0.210426 0.00600816
-0.652944 4.7731 -0.24088 0.0057088
-0.68846 4.80221 -0.275746 0.005599
-0.726333 4.82872 -0.304266 0.00577632
-0.775025 4.85812 -0.323705 0.00505938
-0.81357 4.88502 -0.351892 0.00465589
-0.851384 4.91083 -0.390615 0.00529744
-0.886981 4.9241 -0.425475 0.00493645
-0.92151 4.93366 -0.459399 0.00509021
-0.960898 4.94675 -0.492879 0.00465225
-1.00035 4.96227 -0.522794 0.00453235
-1.03704 4.97591 -0.552245 0.00486525
-1.08004 4.99068 -0.596328 0.00452029
-1.13039 4.98139 -0.628667 0.00411249
-1.17982 4.97252 -0.657331 0.00439045
-1.22675 4.98665 -0.693495 0.00408988
-1.26646 4.9946 -0.734786 0.00383705
-1.3045 5.00097 -0.773525 0.00380866
-1.35231 5.00512 -0.802126 0.00366026
-1.40048 5.0111 -0.827526 0.00332969
-1.4407 5.02829 -0.855668 0.00298246
-1.44289 5.02868 -0.857813 0.00297068
-1.47243 5.02547 -0.899812 0.00245576
-1.50693 5.02153 -0.943446 0.00223412
-1.55189 5.03737 -0.96454 0.0013466
-1.55398 5.03836 -0.965777 0.00137828
-1.59927 5.06692 -0.999277 0.000824771
-1.60119 5.06794 -1.00068 0.000838022
0 15
40
-0.2269 4.16711 0.0914806 0.0122707
-0.179831 4.21581 0.0862521 0.0128736
-0.130377 4.25991 0.0890371 0.0122188
-0.0832138 4.3078 0.0875613 0.00977619
-0.0368999 4.35643 0.0861684 0.00903398
0.011041 4.40324 0.0870142 0.00860735
0.0616718 4.44633 0.0914515 0.00816527
0.114362 4.4882 0.0923897 0.00719987
0.179202 4.52894 0.0878247 0.00670962
0.236618 4.58187 0.084997 0.00735029
0.300157 4.6258 0.0891916 0.00695306
0.369439 4.65797 0.0940783 0.00676437
0.435357 4.69707 0.0842373 0.00671842
0.491245 4.73409 0.0817801 0.00584405
0.545622 4.7678 0.0811647 0.00584882
0.609154 4.7961 0.079289 0.00604848
0.67303 4.81451 0.0772529 0.00604215
0.735816 4.82873 0.0732438 0.00556312
0.79696 4.83973 0.0653585 0.00591072
0.85337 4.85134 0.0659171 0.00558279
0.910963 4.86605 0.0836064 0.00507754
0.973412 4.86638 0.0877132 0.00533241
1.03335 4.85918 0.0823822 0.00529954
1.09856 4.85929 0.0708196 0.0053001
1.1657 4.85736 0.0601691 0.00465949
1.2369 4.84679 0.0630589 0.00448666
1.30094 4.83379 0.0680087 0.00469813
1.38818 4.81346 0.0616931 0.00434465
1.46728 4.84023 0.0562189 0.00409094
1.47192 4.84051 0.0563 0.00390282
1.55617 4.82541 0.0646155 0.00314134
1.6147 4.81502 0.0603493 0.00347975
1.67135 4.80946 0.0559723 0.00250205
1.67392 4.80944 0.0560066 0.002551
1.73027 4.81724 0.0630858 0.00206694
1.73268 4.81764 0.0634196 0.00213188
1.78818 4.82936 0.0718825 0.00156784
1.79084 4.82975 0.0721685 0.00157588
1.86241 4.83684 0.0776426 0.000757812
1.86524 4.83738 0.0776157 0.00077545
0 14
38
-0.23118 4.02534 0.0674456 0.0144866
-0.267752 4.06555 0.120676 0.0146
-0.303136 4.10504 0.171005 0.013416
-0.340239 4.14387 0.22797 0.011084
-0.376432 4.17868 0.284436 0.010577
-0.412994 4.21427 0.340236 0.00999335
-0.446319 4.2521 0.392552 0.00886672
-0.483598 4.29142 0.450435 0.00802989
-0.52731 4.32675 0.511121 0.00801552
-0.570498 4.35698 0.582306 0.00720795
-0.60737 4.37512 0.657292 0.00704826
-0.646879 4.39898 0.72558 0.00727195
-0.693493 4.42537 0.796761 0.00724733
-0.736371 4.44072 0.852222 0.00729034
-0.773684 4.45085 0.917949 0.00679307
-0.797435 4.45267 0.988297 0.00683711
-0.830905 4.45908 1.05059 0.00554165
-0.876192 4.46427 1.11257 0.00580261
-0.932306 4.44771 1.17297 0.00651884
-0.965522 4.43254 1.24867 0.00593758
-1.00082 4.41624 1.32289 0.00586589
-1.05493 4.39524 1.37848 0.00554795
-1.09331 4.35767 1.43459 0.00568262
-1.12751 4.31973 1.48908 0.00560652
-1.15699 4.29303 1.54973 0.0056916
-1.19013 4.26623 1.61597 0.00489895
-1.24301 4.23966 1.68322 0.00502625
-1.28683 4.20503 1.75685 0.0042893
-1.32233 4.16403 1.83618 0.00453778
-1.36111 4.13782 1.90949 0.00391079
-1.40661 4.10961 1.97282 0.00282548
-1.40884 4.10823 1.97563 0.00291655
-1.46028 4.07688 2.03347 0.00204299
-1.46175 4.07586 2.03577 0.00209111
-1.4919 4.05109 2.10396 0.00136239
-1.49328 4.05042 2.10684 0.00140242
-1.52884 4.04351 2.17643 0.000467447
-1.5305 4.0436 2.1793 0.000495004
0 13
37
-0.226089 3.86694 0.032779 0.0143484
-0.252004 3.92724 -0.031232 0.0147379
-0.275239 3.98925 -0.0942862 0.0131617
-0.290517 4.05405 -0.169784 0.0111869
-0.30591 4.11437 -0.238135 0.0107235
-0.330172 4.17416 -0.313624 0.00928461
-0.353888 4.22727 -0.385617 0.00931538
-0.380904 4.27134 -0.446 0.00777574
-0.403633 4.30997 -0.503184 0.0078237
-0.41688 4.3485 -0.572447 0.00822172
-0.430648 4.38096 -0.639951 0.00753657
-0.456403 4.40881 -0.706613 0.00818011
-0.48498 4.43357 -0.769817 0.0077246
-0.522389 4.47948 -0.85367 0.00711975
-0.544346 4.50473 -0.946278 0.00656551
-0.568254 4.51896 -1.04034 0.00660063
-0.61244 4.53516 -1.12789 0.00656219
-0.637546 4.54638 -1.21081 0.00630136
-0.658955 4.54788 -1.29206 0.00579964
-0.680346 4.5299 -1.37825 0.00589289
-0.702906 4.50377 -1.45771 0.00609724
-0.743071 4.47748 -1.52348 0.00551509
-0.760035 4.46321 -1.60167 0.00584066
-0.77405 4.44226 -1.67834 0.00592348
-0.804675 4.40272 -1.73775 0.00572115
-0.847508 4.37765 -1.82179 0.00521794
-0.879297 4.35107 -1.91544 0.00447657
-0.896407 4.32221 -2.00732 0.00458363
-0.91796 4.28479 -2.0836 0.00375348
-0.941115 4.26172 -2.169 0.00321951
-0.94206 4.26116 -2.17259 0.00314125
-0.963661 4.25837 -2.2577 0.00218677
-0.964564 4.2582 -2.26134 0.0022038
-0.984021 4.25387 -2.34169 0.00153746
-0.985029 4.25383 -2.34478 0.00155268
-1.01643 4.25574 -2.42137 0.000538145
-1.01788 4.25603 -2.42437 0.000554359
0 12
38
-0.219574 3.72564 0.0249563 0.0158389
-0.157474 3.77268 0.0688683 0.0167418
-0.0897577 3.81646 0.101569 0.0151436
-0.02536 3.8604 0.132328 0.0133165
0.0455272 3.90784 0.160597 0.0107539
0.112483 3.95154 0.193498 0.010826
0.179223 3.99259 0.230331 0.00976389
0.245574 4.02879 0.26605 0.00937951
0.330563 4.0593 0.306464 0.00924956
0.415253 4.08986 0.339645 0.00845319
0.495008 4.12643 0.367179 0.00843576
0.582558 4.15075 0.410181 0.00894016
0.664438 4.16121 0.452341 0.00821586
0.762881 4.16671 0.490087 0.00767694
0.856659 4.18863 0.528359 0.00790511
0.94622 4.20141 0.5671 0.0076901
1.04015 4.17994 0.613549 0.00749661
1.12088 4.15408 0.646303 0.00688348
1.19572 4.12526 0.679098 0.00651022
1.27303 4.09736 0.726749 0.0062004
1.34223 4.06646 0.770534 0.00612652
1.40513 4.02029 0.805438 0.00647413
1.46604 3.97311 0.834187 0.00600502
1.53488 3.93271 0.855407 0.00650583
1.60556 3.89431 0.875951 0.00557546
1.68597 3.85856 0.918504 0.00527529
1.77116 3.81015 0.957526 0.00469701
1.85164 3.75587 0.986169 0.00484561
1.92788 3.71542 1.01376 0.00419531
1.93144 3.7135 1.01533 0.00434718
2.00344 3.6747 1.05451 0.00359257
2.00647 3.67305 1.05639 0.00368735
2.07464 3.6359 1.10403 0.00237737
2.07738 3.63458 1.10544 0.00238944
2.15209 3.60241 1.1321 0.00148316
2.15521 3.60149 1.13321 0.00151225
2.23491 3.58841 1.16141 0.000479402
2.23822 3.58831 1.16268 0.000498758
0 11
35
-0.234898 3.54992 0.026066 0.0175913
-0.300611 3.6074 0.0599449 0.0164229
-0.371379 3.66159 0.0934994 0.0150142
-0.442239 3.70832 0.12559 0.0147994
-0.513874 3.752 0.160993 0.0130062
-0.585634 3.79636 0.19611 0.0105756
-0.65486 3.8435 0.232232 0.0108125
-0.725004 3.88834 0.270636 0.00984497
-0.802651 3.93144 0.307777 0.00977303
-0.88718 3.96483 0.351004 0.00935375
-0.971164 3.98102 0.400985 0.00812385
-1.05907 4.00554 0.452047 0.00876684
-1.14022 4.02923 0.496787 0.00829293
-1.24018 4.05264 0.541392 0.00777815
-1.32933 4.05006 0.599871 0.00894028
-1.41582 4.04093 0.66232 0.00783016
-1.51175 4.04214 0.710976 0.00730344
-1.59797 4.02043 0.740734 0.00711754
-1.67912 3.99117 0.770481 0.00743681
-1.75751 3.95603 0.815541 0.00690886
-1.82795 3.91959 0.859215 0.0072045
-1.89801 3.88442 0.90163 0.00671556
-1.96111 3.8472 0.939235 0.00674023
-2.01997 3.79112 0.974506 0.00601566
-2.07651 3.73642 1.00787 0.00650235
-2.14572 3.68591 1.06109 0.00575335
-2.22769 3.63858 1.10723 0.00541482
-2.32061 3.59315 1.14362 0.00470876
-2.39615 3.53869 1.17267 0.00405022
-2.47403 3.49915 1.20799 0.00346385
-2.47721 3.49793 1.20955 0.00344592
-2.55837 3.47708 1.25241 0.00221522
-2.56258 3.47617 1.25457 0.00226714
-2.67936 3.45458 1.31371 0.000540063
-2.6839 3.4539 1.31654 0.000567571
0 10
33
-0.231669 3.33578 0.00693681 0.0203807
-0.21452 3.39574 -0.071972 0.0201882
-0.191588 3.46356 -0.162866 0.0167281
-0.164618 3.53144 -0.248127 0.0135681
-0.135535 3.59772 -0.333313 0.0134996
-0.109625 3.65527 -0.425418 0.0125222
-0.0863781 3.7066 -0.517789 0.0122651
-0.073356 3.74465 -0.598244 0.0110211
-0.0613687 3.77906 -0.677344 0.0100756
-0.0341374 3.81378 -0.752895 0.0100427
-0.00590947 3.8418 -0.825557 0.0115978
0.0103292 3.85824 -0.910193 0.0103715
0.0242539 3.87019 -0.995439 0.00955189
0.0377421 3.89809 -1.10619 0.0100117
0.0731248 3.91011 -1.20569 0.00981095
0.110138 3.90779 -1.3146 0.00913414
0.11963 3.89531 -1.41988 0.00855801
0.141931 3.88127 -1.51894 0.00850688
0.167532 3.85801 -1.61042 0.00843619
0.197814 3.81654 -1.69313 0.00746399
0.225958 3.76823 -1.77306 0.008133
0.233615 3.70676 -1.86765 0.00701755
0.251857 3.64407 -1.972 0.00671763
0.282543 3.58922 -2.07184 0.00638555
0.312935 3.53764 -2.1575 0.00659599
0.335914 3.49232 -2.25769 0.00564017
0.350857 3.4631 -2.35627 0.00502321
0.38462 3.43358 -2.44791 0.00443031
0.414568 3.40165 -2.53916 0.00305238
0.415534 3.4005 -2.5426 0.00306546
0.437204 3.37156 -2.63266 0.00166926
0.437617 3.37115 -2.63461 0.00169063
0.437988 3.37078 -2.63635 0.00170982
0 9
31
-0.240502 3.08065 0.0241864 0.0239714
-0.192343 3.15485 0.0975387 0.0252237
-0.140798 3.2324 0.168005 0.0197562
-0.0857112 3.30916 0.235915 0.0172697
-0.031483 3.38394 0.297768 0.0151094
0.0204983 3.45976 0.378279 0.0140358
0.0688386 3.52785 0.45285 0.0143188
0.125759 3.58221 0.532605 0.0131587
0.185133 3.63187 0.606329 0.0131273
0.25218 3.68375 0.666135 0.0128634
0.315424 3.72397 0.751309 0.0133538
0.370875 3.75466 0.833536 0.0125201
0.428276 3.7711 0.906939 0.0111969
0.48628 3.78886 0.972584 0.0114817
0.549755 3.81965 1.02824 0.0121141
0.611151 3.82867 1.10441 0.0103641
0.656986 3.81805 1.17889 0.0116101
0.737628 3.78648 1.28575 0.0105417
0.812291 3.7568 1.39291 0.0104915
0.883143 3.72809 1.50237 0.0107235
0.928903 3.69292 1.57191 0.0101334
0.978341 3.65337 1.63692 0.00901483
1.03752 3.61466 1.69403 0.00861963
1.09989 3.58044 1.75117 0.0077555
1.16645 3.55855 1.83238 0.0069712
1.23361 3.5307 1.91713 0.0062461
1.30298 3.49527 2.0039 0.00578657
1.39704 3.46168 2.11458 0.00328795
1.40083 3.46083 2.11996 0.00340336
1.4747 3.45937 2.24985 0.000554948
1.47744 3.4597 2.25394 0.000603315
0 8
29
-0.242802 2.8372 0.0127451 0.030107
-0.325624 2.90955 0.00893783 0.031669
-0.414842 2.99568 0.0129467 0.023018
-0.508793 3.06881 0.00644008 0.0201954
-0.597775 3.14264 0.00163336 0.018251
-0.690545 3.21844 0.00215642 0.0179082
-0.787854 3.29514 0.00540649 0.0158665
-0.871625 3.36032 0.00981503 0.0161675
-0.974232 3.41595 0.0120449 0.0149466
-1.0801 3.4445 0.0063351 0.0136737
-1.18349 3.48361 0.00979806 0.0148691
-1.2821 3.51917 0.021871 0.0149889
-1.39702 3.56639 0.0208326 0.0129482
-1.5093 3.56934 0.0241934 0.0127526
-1.62542 3.56522 0.0337311 0.0128431
-1.74048 3.57918 0.0442681 0.0126153
-1.84748 3.56521 0.0310104 0.0112159
-1.94566 3.54434 0.0195186 0.0121073
-2.04042 3.51099 0.0212512 0.0119902
-2.13886 3.47229 0.0281146 0.0121163
-2.25477 3.42994 0.0438285 0.0104417
-2.361 3.37861 0.0505892 0.00969176
-2.47187 3.31429 0.050926 0.00859276
-2.57235 3.27296 0.0622663 0.00808546
-2.68301 3.24649 0.0665093 0.00769551
-2.80072 3.23383 0.0624577 0.00537713
-2.90469 3.21936 0.0568373 0.00412957
-3.00557 3.21342 0.0520301 0.00184398
-3.00975 3.21345 0.0519018 0.00189313
0 7
31
-0.186223 2.58072 -0.00668754 0.0331036
-0.163668 2.68323 -0.0577667 0.0321303
-0.123745 2.78898 -0.107495 0.0301449
-0.0991018 2.90385 -0.158063 0.0241978
-0.0800578 3.01309 -0.199566 0.0223768
-0.0445714 3.12038 -0.26144 0.0174619
-0.00891393 3.22103 -0.319625 0.0188941
0.0200784 3.30382 -0.385199 0.0177671
0.0548758 3.39229 -0.45516 0.0183707
0.0864237 3.49107 -0.504099 0.0174726
0.127569 3.56638 -0.576768 0.0174704
0.168239 3.63263 -0.65756 0.0148687
0.186053 3.69098 -0.726594 0.0150546
0.222619 3.74886 -0.800518 0.0163194
0.265464 3.81698 -0.853034 0.0142473
0.298568 3.85957 -0.93196 0.0138023
0.331366 3.89081 -1.01217 0.0146934
0.387467 3.94177 -1.13487 0.0138129
0.45732 3.97857 -1.24953 0.0138985
0.536323 3.99936 -1.36013 0.0132926
0.590024 3.99377 -1.46954 0.0117101
0.642782 3.99595 -1.58326 0.0107133
0.700371 4.01438 -1.70031 0.0109888
0.759443 4.03675 -1.79687 0.00924045
0.807409 4.06391 -1.89867 0.00860614
0.843502 4.09392 -1.99902 0.00699085
0.896504 4.13104 -2.0907 0.00536786
0.946323 4.173 -2.17028 0.0027053
0.94841 4.17502 -2.17362 0.00259771
0.995247 4.22708 -2.2487 0.000432143
0.997169 4.22946 -2.25193 0.000482592
0 6
30
-0.124308 2.25382 -0.0144822 0.0354314
-0.134138 2.332 0.0838912 0.0375012
-0.157667 2.40747 0.180671 0.0347363
-0.156415 2.49176 0.277317 0.0285442
-0.147779 2.57082 0.38561 0.0219071
-0.161365 2.64933 0.486969 0.0227652
-0.177007 2.72254 0.585418 0.0209117
-0.197906 2.76921 0.692329 0.0218951
-0.195382 2.82143 0.796536 0.0183789
-0.175791 2.86683 0.909748 0.0175955
-0.185275 2.90224 1.02029 0.0197989
-0.197327 2.93028 1.13324 0.0182525
-0.204147 2.95264 1.25432 0.0174436
-0.214092 2.95475 1.37538 0.0183519
-0.213402 2.96287 1.49835 0.0171484
-0.212583 2.95957 1.61351 0.0166219
-0.232765 2.9409 1.72642 0.0149759
-0.253952 2.90255 1.82357 0.0150297
-0.259777 2.85309 1.92004 0.0165076
-0.263444 2.80083 2.00861 0.0158549
-0.249887 2.74377 2.124 0.014957
-0.245687 2.6709 2.23855 0.0134477
-0.254597 2.59184 2.33904 0.0136928
-0.252431 2.52819 2.44014 0.012226
-0.258493 2.47779 2.54807 0.0109061
-0.273674 2.43844 2.65998 0.00942774
-0.291331 2.3897 2.75248 0.00791458
-0.303908 2.3487 2.85493 0.00636318
-0.305551 2.32618 2.96258 0.00350926
-0.305582 2.32583 2.96747 0.00341918
0 5
32
-0.0728201 1.89495 -0.0398238 0.0408011
-0.167256 1.98363 -0.0985577 0.041529
-0.261406 2.06701 -0.1553 0.0364014
-0.346339 2.13928 -0.217256 0.0320757
-0.440413 2.21554 -0.286883 0.0269983
-0.541771 2.28802 -0.339673 0.0223435
-0.64326 2.34582 -0.395971 0.0218745
-0.738772 2.40296 -0.44202 0.0215582
-0.842137 2.44832 -0.503874 0.0231131
-0.934304 2.46324 -0.574235 0.0223509
-1.0434 2.49026 -0.630009 0.0210657
-1.14617 2.50206 -0.683054 0.0194837
-1.26231 2.52864 -0.740548 0.0182393
-1.3727 2.5341 -0.803942 0.0186101
-1.48032 2.50911 -0.864388 0.0171971
-1.58737 2.47263 -0.920015 0.017169
-1.67697 2.43764 -0.965677 0.0173458
-1.7621 2.38712 -1.01378 0.0172935
-1.84413 2.33362 -1.08023 0.0152373
-1.90709 2.26907 -1.14129 0.0170004
-1.9944 2.17526 -1.18533 0.0156024
-2.07921 2.08821 -1.22685 0.0145791
-2.17102 2.00341 -1.26957 0.0149495
-2.30113 1.89451 -1.35958 0.0134904
-2.42616 1.78513 -1.41608 0.0129841
-2.51219 1.71625 -1.46611 0.0108241
-2.58732 1.6506 -1.52069 0.00848142
-2.65887 1.58877 -1.5766 0.00751795
-2.78577 1.51987 -1.64091 0.00439205
-2.79099 1.51784 -1.64348 0.00428158
-2.92587 1.48297 -1.70878 0.000458525
-2.93 1.48264 -1.71099 0.000437742
0 4
33
-0.0129311 1.41119 -0.0114343 0.0427505
0.0552873 1.54331 -0.042011 0.0399292
0.124083 1.66618 -0.0636807 0.0408553
0.185582 1.79443 -0.0935684 0.0315994
0.244908 1.91288 -0.116487 0.030435
0.3242 2.03221 -0.148081 0.028336
0.397709 2.1509 -0.163722 0.0252145
0.474612 2.24116 -0.196823 0.0256124
0.544511 2.33332 -0.243637 0.0230605
0.609247 2.4378 -0.273436 0.0219089
0.70168 2.52407 -0.31213 0.0224428
0.799168 2.59211 -0.354854 0.0232698
0.888303 2.67603 -0.402829 0.0221345
0.984193 2.74272 -0.465351 0.0204991
1.08477 2.81322 -0.511221 0.0192335
1.19195 2.87962 -0.556578 0.0212855
1.33559 2.90816 -0.597239 0.019799
1.47359 2.92173 -0.652553 0.0197002
1.61534 2.94204 -0.720498 0.016946
1.74168 2.92742 -0.772097 0.0182298
1.85725 2.89277 -0.830674 0.0172418
1.97087 2.84003 -0.896628 0.0150339
2.07939 2.81225 -0.957537 0.0167217
2.18974 2.78389 -1.01449 0.0148747
2.29768 2.74307 -1.05195 0.0144206
2.44643 2.67107 -1.11006 0.0133455
2.61361 2.62697 -1.17001 0.0113684
2.75651 2.5946 -1.24598 0.0095069
2.89509 2.58497 -1.32141 0.00607017
2.99177 2.60281 -1.36777 0.00441865
2.99588 2.60401 -1.36964 0.00429375
3.08493 2.64049 -1.40722 0.00179241
3.08868 2.64234 -1.40873 0.00170813
0 3
34
0.00897194 0.791625 0.0224434 0.0476108
-0.0133911 0.941587 0.0760696 0.0456623
-0.0397454 1.079 0.108722 0.0437601
-0.0609735 1.21544 0.161736 0.0362561
-0.0863141 1.35171 0.230551 0.0309637
-0.102977 1.494 0.272438 0.0283604
-0.128702 1.63241 0.319923 0.0267777
-0.157455 1.74884 0.361828 0.0261055
-0.192487 1.86372 0.427489 0.027008
-0.189695 1.96442 0.506977 0.025432
-0.210408 2.07888 0.570242 0.0254656
-0.25781 2.1921 0.636803 0.0256459
-0.287839 2.33631 0.733827 0.0253135
-0.324071 2.47176 0.851476 0.0242653
-0.352227 2.60322 0.982337 0.0208653
-0.407727 2.70593 1.0928 0.0203037
-0.478073 2.77104 1.21832 0.019281
-0.535656 2.81061 1.35943 0.0216389
-0.564567 2.83796 1.49431 0.0201967
-0.608206 2.83934 1.62875 0.018685
-0.67212 2.8379 1.76428 0.0202291
-0.716539 2.83986 1.88823 0.0180575
-0.760842 2.84395 2.01172 0.0172221
-0.805436 2.83839 2.12872 0.0172864
-0.8707 2.81165 2.29568 0.0152012
-0.96131 2.78475 2.45922 0.0145019
-0.994597 2.77512 2.56953 0.0130349
-1.02428 2.77572 2.67541 0.0126631
-1.06339 2.80008 2.78814 0.0107764
-1.12436 2.85253 2.93315 0.006706
-1.12701 2.85527 2.93936 0.00693073
-1.18467 2.93141 3.07536 0.00268733
-1.1859 2.93314 3.07829 0.00272523
-1.18706 2.93478 3.08108 0.00276124
0 2
31
-0.00593363 0.381206 0.000135466 0.0551354
-0.0345977 0.517034 -0.0441402 0.0570948
-0.0600761 0.653551 -0.0958959 0.0499242
-0.0677645 0.803113 -0.157581 0.0427035
-0.101943 0.94586 -0.207001 0.035138
-0.134108 1.07964 -0.263766 0.0342232
-0.169526 1.21664 -0.318299 0.0315339
-0.20647 1.34178 -0.37107 0.0337018
-0.242931 1.44982 -0.425787 0.0309298
-0.268766 1.56521 -0.499168 0.0289809
-0.317547 1.66616 -0.583312 0.0273013
-0.372857 1.76759 -0.644012 0.0265636
-0.437337 1.92387 -0.737944 0.0280617
-0.515281 2.06042 -0.840764 0.0274433
-0.601224 2.15809 -0.973427 0.0239543
-0.678885 2.22564 -1.1028 0.0250376
-0.744395 2.28345 -1.23145 0.0247384
-0.803072 2.3168 -1.38102 0.0243109
-0.883056 2.31856 -1.504 0.0232372
-0.964198 2.30038 -1.62927 0.0219447
-1.05242 2.28822 -1.73817 0.0201865
-1.12838 2.28356 -1.85748 0.018879
-1.19774 2.27154 -1.97087 0.0213875
-1.26718 2.25246 -2.08677 0.0193114
-1.34209 2.19544 -2.23879 0.0190017
-1.43021 2.17607 -2.40257 0.015802
-1.52561 2.17515 -2.55524 0.013167
-1.63654 2.19121 -2.70051 0.00896919
-1.69534 2.23481 -2.79644 0.00591705
-1.74428 2.29179 -2.88448 0.00283975
-1.74628 2.29442 -2.88813 0.00291402
0 1
31
-0.000624384 0.163144 -0.00485132 0.0626943
0.061806 0.299466 0.0460233 0.0645863
0.124733 0.439954 0.0802563 0.0538579
0.172506 0.579463 0.115872 0.0479331
0.246528 0.709607 0.146312 0.0423796
0.315174 0.853677 0.187793 0.0340141
0.377798 0.983649 0.245004 0.0318853
0.468533 1.11538 0.291699 0.034131
0.578319 1.24996 0.3312 0.030379
0.679923 1.37887 0.380309 0.0324429
0.787836 1.48611 0.455003 0.0300617
0.896076 1.56999 0.498353 0.0283333
1.00503 1.64014 0.541159 0.0311153
1.10876 1.72275 0.590039 0.0278905
1.22261 1.78802 0.660623 0.0303858
1.35369 1.82064 0.753296 0.026049
1.49385 1.83816 0.839784 0.0271459
1.63869 1.82391 0.907659 0.0271218
1.78107 1.81094 0.966209 0.0258322
1.9104 1.76506 1.02388 0.0248199
2.01872 1.69584 1.08476 0.0223194
2.20146 1.63807 1.17177 0.0197079
2.37572 1.58396 1.26011 0.0194562
2.4747 1.54379 1.32501 0.0200423
2.56787 1.49831 1.38789 0.0170805
2.67162 1.45653 1.44765 0.0157139
2.84209 1.42343 1.51619 0.0127203
2.9996 1.41531 1.5906 0.00752051
3.00604 1.41818 1.5952 0.00776983
3.15534 1.46676 1.67876 0.00249779
3.16121 1.46953 1.68207 0.00236969